0
0
53
-26 -0.0009139989
-25 0.0002167369
-24 0.001327028
-23 0.0003213836
-22 -0.001923818
-21 -0.001468363
-20 0.002362732
-19 0.003484656
-18 -0.001992584
-17 -0.006283723
-16 4.532025E-09
-15 0.009266946
-14 0.004343058
-13 -0.0112713
-12 -0.01140245
-11 0.01063071
-10 0.02096439
-9 -0.005258322
-8 -0.03215609
-7 -0.007544972
-6 0.04354615
-5 0.03259319
-4 -0.05341365
-3 -0.08568203
-2 0.06012214
-1 0.3111857
0 0.4375
1 0.3111857
2 0.06012214
3 -0.08568203
4 -0.05341365
5 0.03259319
6 0.04354615
7 -0.007544972
8 -0.03215609
9 -0.005258322
10 0.02096439
11 0.01063071
12 -0.01140245
13 -0.0112713
14 0.004343058
15 0.009266946
16 4.532025E-09
17 -0.006283723
18 -0.001992584
19 0.003484656
20 0.002362732
21 -0.001468363
22 -0.001923818
23 0.0003213836
24 0.001327028
25 0.0002167369
26 -0.0009139989